CHROM	POS	REF	ALT	ReadGroup	SNVCountForward	SNVCountReverse	RefCountForward	RefCountReverse	SNVCount	RefCount	GoodReads	%BadRead	VAF
1	7890064	A	G	example-NRNA	5	4	0	0	9	0	9	0.0	1.0
1	36886117	C	T	example-NRNA	21	21	17	17	42	34	76	7.317073170731708	0.5526315789473685
11	11374016	T	A	example-NRNA	4	7	0	0	11	0	11	21.428571428571427	1.0
13	46090371	A	G	example-NRNA	21	20	16	31	41	47	88	1.1235955056179776	0.4659090909090909
14	74340797	A	T	example-NRNA	19	24	21	23	43	44	87	3.3333333333333335	0.4942528735632184
16	71487206	T	C	example-NRNA	2	7	6	3	9	9	18	5.2631578947368425	0.5
19	54659124	G	A	example-NRNA	0	0	32	82	0	114	114	0.0	0.0
21	47614443	A	G	example-NRNA	12	16	9	6	28	15	43	0.0	0.6511627906976745
5	31423007	T	C	example-NRNA	11	37	6	35	48	41	89	3.260869565217391	0.5393258426966292
6	57512678	G	A	example-NRNA	20	18	0	0	38	0	38	0.0	1.0
6	57512711	G	A	example-NRNA	6	17	0	0	23	0	23	0.0	1.0
X	107159291	C	A	example-NRNA	14	8	12	10	22	22	44	0.0	0.5
